3.7245195296737865
3.7245195296737865
3.7245195296737865
3.7245195296737865
3.7245195296737865
3.7245195296737865
3.4220857758079037
1.7638791140795362
1.7638791140795362
1.7638791140795362
1.7638791140795362
1.7638791140795362
1.7638791140795362
1.7638791140795362
1.7638791140795362
1.7638791140795362
1.7638791140795362
1.7638791140795362
1.7638791140795362
1.7638791140795362
1.7638791140795362
1.7638791140795362
1.7638791140795362
0.6257864485398446
0.6257864485398446
0.6257864485398446
0.6257864485398446
0.4156090292000370
0.4156090292000370
0.4156090292000370
0.2417762052589700
0.2417762052589700
0.2417762052589700
0.0951665125103918
0.0951665125103918
0.0951665125103918
0.0951665125103918
0.0951665125103918
0.0951665125103918
0.0951665125103918
0.0951665125103918
0.0951665125103918
0.0951665125103918
0.0951665125103918
0.0951665125103918
0.0951665125103918
0.0951665125103918
0.0951665125103918
0.0951665125103918
0.0951665125103918
0.0951665125103918
0.0951665125103918
0.0951665125103918
0.0951665125103918
0.0951665125103918
0.0951665125103918
0.0951665125103918
0.0951665125103918
0.0951665125103918
0.0951665125103918
0.0947279109785870
0.0947279109785870
0.0928717002210533
0.0879683858978297
0.0876799209454271
0.0876799209454271
0.0856476647695947
0.0834099498205232
0.0834099498205232
0.0828952502297198
0.0828952502297198
0.0792431240247748
0.0792431240247748
0.0792431240247748
0.0775858098260751
0.0775858098260751
0.0775858098260751
0.0775858098260751
0.0739502235635237
0.0739502235635237
0.0739502235635237
0.0739502235635237
0.0739502235635237
0.0739502235635237
0.0739502235635237
0.0723879255986049
0.0717964332893839
0.0717964332893839
0.0713099117752081
0.0713099117752081
0.0713099117752081
0.0713099117752081
0.0713099117752081
0.0686533127666200
0.0686533127666200
0.0686533127666200
0.0686533127666200
0.0686533127666200
0.0659867641332301
0.0659867641332301
0.0659867641332301
0.0659867641332301
0.0659867641332301
0.0658454619427040
0.0611311016833538
0.0611311016833538
0.0611311016833538
0.0611311016833538
0.0611311016833538
0.0611311016833538
0.0611311016833538
0.0611311016833538
0.0564082245534947
0.0564082245534947
0.0564082245534947
0.0564082245534947
0.0564082245534947
0.0564082245534947
0.0564082245534947
0.0564082245534947
0.0564082245534947
0.0564082245534947
0.0564082245534947
0.0564082245534947
0.0564082245534947
0.0558512194712368
0.0558512194712368
0.0558512194712368
0.0558512194712368
0.0558512194712368
0.0558512194712368
0.0534656056267679
0.0534656056267679
0.0534656056267679
0.0534656056267679
0.0534656056267679
0.0534656056267679
0.0534656056267679
0.0524721529617800
0.0524721529617800
0.0496293457477370
0.0496293457477370
0.0496293457477370
0.0496293457477370
0.0496293457477370
0.0496293457477370
0.0496293457477370
0.0496293457477370
0.0496293457477370
0.0496293457477370
