21.7200483316548620
21.7200483316548620
21.7200483316548620
21.7200483316548620
6.3505323992700706
6.3505323992700706
6.3505323992700706
6.3505323992700706
6.3505323992700706
4.2260632880506410
4.2260632880506410
4.2260632880506410
4.2260632880506410
4.2260632880506410
4.2260632880506410
4.2260632880506410
4.2260632880506410
4.2260632880506410
4.2260632880506410
2.4226726419878442
2.4226726419878442
2.4226726419878442
2.4226726419878442
2.4226726419878442
2.4226726419878442
0.5965433925556818
0.5965433925556818
0.5047401855508116
0.5047401855508116
0.5047401855508116
0.5047401855508116
0.5047401855508116
0.5047401855508116
0.5047401855508116
0.5047401855508116
0.5047401855508116
0.5047401855508116
0.5047401855508116
0.5047401855508116
0.5047401855508116
0.5047401855508116
0.5047401855508116
0.4863356505642624
0.4863356505642624
0.3300771356716470
0.3300771356716470
0.3300771356716470
0.3300771356716470
0.3001402580781076
0.2716481031470708
0.1599237962026545
0.1599237962026545
0.1599237962026545
0.1599237962026545
0.1599237962026545
0.1599237962026545
0.1599237962026545
0.1599237962026545
0.1599237962026545
0.1599237962026545
0.1574025162356829
0.1574025162356829
0.1306601095418358
0.1157250119977582
0.1157250119977582
0.1157250119977582
0.1157250119977582
0.1125919979164447
0.1125919979164447
0.1125919979164447
0.0745526262971974
0.0745526262971974
0.0745526262971974
0.0745526262971974
0.0745526262971974
0.0745526262971974
0.0745526262971974
0.0745526262971974
0.0745526262971974
0.0745526262971974
0.0745526262971974
0.0745526262971974
0.0745526262971974
0.0745526262971974
0.0745526262971974
0.0745526262971974
0.0732920337211507
0.0732920337211507
0.0732920337211507
0.0732920337211507
0.0732920337211507
0.0732920337211507
0.0732920337211507
0.0732920337211507
0.0673418250695113
0.0673418250695113
0.0673418250695113
0.0673418250695113
0.0673418250695113
0.0673418250695113
0.0673418250695113
0.0673418250695113
0.0673418250695113
0.0673418250695113
0.0673418250695113
0.0658711596474792
0.0658711596474792
0.0658711596474792
0.0658711596474792
0.0658711596474792
0.0658711596474792
0.0658711596474792
0.0658711596474792
0.0655350423794943
0.0643183648376011
0.0632289746789194
0.0632289746789194
0.0632289746789194
0.0632289746789194
0.0632289746789194
0.0612923196656401
0.0612923196656401
0.0605308049109743
0.0605308049109743
0.0605308049109743
0.0605308049109743
0.0605308049109743
0.0573567638190053
0.0573567638190053
0.0573567638190053
0.0573567638190053
0.0573567638190053
0.0573567638190053
0.0573567638190053
0.0573567638190053
0.0573567638190053
0.0541960620572768
0.0541960620572768
0.0541960620572768
0.0541960620572768
0.0541960620572768
0.0541960620572768
0.0541960620572768
0.0501349289255715
0.0501349289255715
0.0501349289255715
0.0480566209176803
0.0480566209176803
0.0480566209176803
0.0480566209176803
