16.0545791067687524
16.0545791067687524
16.0545791067687524
16.0545791067687524
16.0545791067687524
12.8423791952500430
12.8423791952500430
12.8423791952500430
12.8423791952500430
12.8423791952500430
12.8423791952500430
12.8423791952500430
12.8423791952500430
2.5738463602436590
2.5738463602436590
2.5738463602436590
2.5738463602436590
2.5738463602436590
2.5738463602436590
2.5738463602436590
2.5738463602436590
2.5738463602436590
2.2180792493949886
2.2180792493949886
2.2180792493949886
2.2180792493949886
2.2180792493949886
2.2180792493949886
2.2180792493949886
2.2180792493949886
2.2180792493949886
2.2180792493949886
2.2180792493949886
2.2180792493949886
2.2180792493949886
2.2180792493949886
2.2180792493949886
2.2180792493949886
2.2180792493949886
2.2180792493949886
2.2180792493949886
2.2180792493949886
2.2180792493949886
2.0116585923557584
2.0116585923557584
2.0116585923557584
2.0116585923557584
2.0116585923557584
2.0116585923557584
2.0116585923557584
1.7660359967139772
1.7660359967139772
1.7660359967139772
1.7660359967139772
1.4631781946685463
1.4631781946685463
1.4631781946685463
1.4631781946685463
1.4631781946685463
1.4631781946685463
1.4631781946685463
1.4631781946685463
1.4631781946685463
1.4631781946685463
1.4631781946685463
1.4631781946685463
1.4631781946685463
1.3391044005806041
1.3391044005806041
1.3391044005806041
1.3391044005806041
1.3391044005806041
1.3391044005806041
1.3391044005806041
1.1222247913956318
1.1222247913956318
1.1222247913956318
1.1222247913956318
1.1222247913956318
1.1222247913956318
1.1222247913956318
1.1222247913956318
1.1222247913956318
1.1222247913956318
1.1222247913956318
1.1222247913956318
1.0259948714998135
1.0259948714998135
1.0259948714998135
0.9038209685072629
0.9038209685072629
0.9038209685072629
0.9038209685072629
0.9038209685072629
0.8186283844681230
0.8186283844681230
0.8186283844681230
0.8186283844681230
0.7362628113987468
0.7362628113987468
0.7362628113987468
0.7362628113987468
0.6993044921089098
0.6270883379372649
0.4488216056397931
0.4488216056397931
0.4488216056397931
0.4488216056397931
0.4488216056397931
0.4488216056397931
0.4487841914730395
0.4487841914730395
0.4164288476242506
0.4164288476242506
0.4164288476242506
0.3543060836274536
0.3543060836274536
0.2984682780543535
0.2984682780543535
0.2984682780543535
0.2984682780543535
0.2708617059654195
0.2708617059654195
0.2581756816076308
0.2581756816076308
0.2581756816076308
0.1962328885352638
0.1962328885352638
0.1962328885352638
0.1962328885352638
0.1962328885352638
0.1583384309209235
0.1583384309209235
0.1583384309209235
0.1436695709195912
0.1436695709195912
0.1436695709195912
0.1436695709195912
0.1436695709195912
0.1436695709195912
0.1436695709195912
0.1320842032328073
0.1320842032328073
0.1320842032328073
0.1320842032328073
0.1277331089253875
0.1277331089253875
0.1277331089253875
0.1277331089253875
0.1277331089253875
0.1277331089253875
0.1277331089253875
0.1139547378514627
0.1139547378514627
0.1139547378514627
0.1139547378514627
0.1139547378514627
0.1139547378514627
0.1139547378514627
0.1139547378514627
0.1139547378514627
0.1099488858590569
0.1099488858590569
0.1099488858590569
0.1099488858590569
0.1099488858590569
0.1083859830735445
0.1083859830735445
0.1083859830735445
0.0958778426480511
0.0958778426480511
0.0958778426480511
0.0958778426480511
0.0958778426480511
0.0958778426480511
0.0958778426480511
0.0958778426480511
0.0958778426480511
0.0958778426480511
0.0958778426480511
0.0958778426480511
0.0958778426480511
0.0958778426480511
0.0958778426480511
0.0847343807701906
0.0847343807701906
0.0847343807701906
0.0847343807701906
0.0847343807701906
0.0847343807701906
0.0847343807701906
0.0847343807701906
0.0847343807701906
0.0829668980341314
0.0804943986457696
0.0804943986457696
0.0804943986457696
0.0804943986457696
0.0804943986457696
0.0687528895671696
