22.6809016376796855
8.9862745658335186
8.9862745658335186
8.9862745658335186
8.9862745658335186
8.9862745658335186
6.8198372038439592
6.8198372038439592
6.8198372038439592
6.8198372038439592
6.8198372038439592
6.8198372038439592
6.8198372038439592
6.8198372038439592
5.9366321753849149
5.9366321753849149
5.9366321753849149
5.9366321753849149
5.9366321753849149
5.9366321753849149
5.9366321753849149
5.9366321753849149
5.9366321753849149
5.9366321753849149
5.9366321753849149
5.9366321753849149
5.9366321753849149
5.9366321753849149
3.5372201314726959
3.5372201314726959
3.5372201314726959
3.5372201314726959
3.5372201314726959
3.5372201314726959
3.5372201314726959
3.5372201314726959
3.4622603727242685
3.4622603727242685
3.4622603727242685
3.4622603727242685
3.4622603727242685
3.4622603727242685
3.4622603727242685
3.4622603727242685
3.4622603727242685
3.4622603727242685
3.4622603727242685
3.4622603727242685
3.4622603727242685
3.4622603727242685
3.4622603727242685
3.4622603727242685
3.4622603727242685
3.4622603727242685
3.4622603727242685
3.4622603727242685
3.4622603727242685
3.4622603727242685
3.4622603727242685
3.4622603727242685
3.4622603727242685
3.4622603727242685
3.4622603727242685
3.4622603727242685
3.4622603727242685
3.4622603727242685
3.4622603727242685
3.4622603727242685
3.4622603727242685
3.4622603727242685
3.4622603727242685
3.4622603727242685
3.4622603727242685
3.4622603727242685
3.4622603727242685
3.4622603727242685
3.4622603727242685
3.4622603727242685
3.4622603727242685
3.4622603727242685
3.4622603727242685
3.4622603727242685
3.4622603727242685
3.4622603727242685
3.4622603727242685
3.4622603727242685
3.4622603727242685
3.4622603727242685
3.4622603727242685
2.2355491807033223
2.2355491807033223
2.2355491807033223
2.2355491807033223
2.2355491807033223
2.2355491807033223
2.2355491807033223
2.1965580472294799
2.1965580472294799
2.1965580472294799
2.1965580472294799
2.1965580472294799
2.1965580472294799
2.0489489015356410
2.0489489015356410
2.0489489015356410
1.1959577817481470
1.1959577817481470
1.1959577817481470
1.1959577817481470
1.0481090598048248
1.0481090598048248
0.7951646166300397
0.7951646166300397
0.7951646166300397
0.7951646166300397
0.5389198885204172
0.5389198885204172
0.5389198885204172
0.5389198885204172
0.5389198885204172
0.5328556998486222
0.4786798294002859
0.4553891907471241
0.4553891907471241
0.3712584565910726
0.3038570028990772
0.3038570028990772
0.3038570028990772
0.3038570028990772
0.3038570028990772
0.3038570028990772
0.3038570028990772
0.3038570028990772
0.3038570028990772
0.3038570028990772
0.3038570028990772
0.3038570028990772
0.3038570028990772
0.3038570028990772
0.3038570028990772
0.3038570028990772
0.3038570028990772
0.3038570028990772
0.3038570028990772
0.3038570028990772
0.3038570028990772
0.3038570028990772
0.3038570028990772
0.3038570028990772
0.3038570028990772
0.3038570028990772
0.3038570028990772
0.3038570028990772
0.3038570028990772
0.3038570028990772
0.3038570028990772
0.3038570028990772
0.3038570028990772
0.3038570028990772
0.3038570028990772
0.3038570028990772
0.3038570028990772
0.3038570028990772
0.3038570028990772
0.3038570028990772
0.3038570028990772
0.3038570028990772
0.3038570028990772
0.3038570028990772
0.3038570028990772
0.3038570028990772
0.3038570028990772
0.3038570028990772
0.3038570028990772
0.3038570028990772
0.3038570028990772
0.3038570028990772
0.3038570028990772
0.3038570028990772
0.3038570028990772
0.3038570028990772
0.3038570028990772
0.3038570028990772
0.3038570028990772
0.3038570028990772
0.3038570028990772
0.3038570028990772
0.3038570028990772
0.3038570028990772
0.3038570028990772
0.3038570028990772
0.3038570028990772
0.3038570028990772
0.3038570028990772
0.3038570028990772
0.3038570028990772
0.3038570028990772
0.3038570028990772
0.3038570028990772
0.3038570028990772
