3.4462166507128855
3.4462166507128855
3.4462166507128855
3.4462166507128855
3.4462166507128855
3.4462166507128855
3.4462166507128855
3.4462166507128855
3.4462166507128855
3.4462166507128855
3.4462166507128855
3.4462166507128855
3.4462166507128855
3.4462166507128855
3.4462166507128855
3.4462166507128855
3.4462166507128855
3.4462166507128855
3.4462166507128855
3.4462166507128855
3.4462166507128855
3.4462166507128855
3.4462166507128855
3.4462166507128855
3.4462166507128855
3.4462166507128855
0.8957395551299485
0.8957395551299485
0.8957395551299485
0.8957395551299485
0.8957395551299485
0.8957395551299485
0.8957395551299485
0.8957395551299485
0.8957395551299485
0.8957395551299485
0.8957395551299485
0.8957395551299485
0.8957395551299485
0.8957395551299485
0.7133473706602667
0.7133473706602667
0.7133473706602667
0.7133473706602667
0.7133473706602667
0.7133473706602667
0.7133473706602667
0.5187561541392438
0.5187561541392438
0.3530215911976109
0.3530215911976109
0.3530215911976109
0.3530215911976109
0.3530215911976109
0.3170452978224270
0.3170452978224270
0.3170452978224270
0.3170452978224270
0.2624395999298090
0.2624395999298090
0.2320587595004753
0.1604151805962295
0.1604151805962295
0.1604151805962295
0.1604151805962295
0.1604151805962295
0.1604151805962295
0.1604151805962295
0.1604151805962295
0.1604151805962295
0.1537871363066934
0.1369411219027117
0.1369411219027117
0.1369411219027117
0.1369411219027117
0.1280343491922409
0.1280343491922409
0.1280343491922409
0.1273231534211550
0.1273231534211550
0.1156921538236100
0.1156921538236100
0.1156921538236100
0.1156921538236100
0.1156921538236100
0.1156921538236100
0.1156921538236100
0.1156921538236100
0.1155640687387272
0.1152150527082285
0.1152150527082285
0.1141370772642758
0.1107554916195519
0.1107554916195519
0.1107554916195519
0.1107554916195519
0.1107554916195519
0.1107554916195519
0.1071521250983087
0.1067553789472209
0.1067553789472209
0.1067553789472209
0.1067553789472209
0.1067553789472209
0.1061113863941143
0.1061113863941143
0.1061113863941143
0.1057677891612929
0.1053218092375796
0.1029419449716573
0.1029419449716573
0.1029419449716573
0.1013564765270702
0.1013564765270702
0.1013564765270702
0.1013564765270702
0.1013564765270702
0.1013564765270702
0.1013564765270702
0.1007700948179702
0.0970391778973956
0.0970391778973956
0.0970391778973956
0.0970391778973956
0.0970391778973956
0.0970391778973956
0.0970391778973956
0.0958006301652214
0.0958006301652214
0.0955838334074643
0.0915439229084769
0.0915439229084769
0.0915439229084769
0.0873341044105747
0.0873341044105747
0.0788910937840392
0.0788910937840392
0.0788910937840392
0.0788910937840392
0.0788910937840392
0.0784577664841635
0.0733028120916246
0.0733028120916246
0.0640804155662589
0.0640804155662589
0.0527828918202244
0.0527828918202244
0.0527828918202244
0.0527828918202244
0.0519957787984304
0.0432073525541532
0.0432073525541532
0.0334475291674297
0.0334475291674297
0.0334475291674297
0.0334475291674297
0.0334475291674297
0.0310254962781920
0.0310254962781920
0.0310254962781920
0.0310254962781920
0.0310254962781920
0.0310254962781920
0.0272270972410782
0.0272270972410782
0.0272270972410782
0.0272270972410782
0.0272270972410782
0.0272270972410782
0.0272270972410782
0.0272270972410782
0.0272217694120558
0.0272217694120558
0.0239835931167054
0.0239835931167054
0.0239835931167054
0.0239835931167054
0.0239835931167054
0.0239835931167054
0.0239835931167054
0.0239835931167054
0.0239835931167054
0.0239038883746101
0.0239038883746101
0.0236059924075382
0.0206787599281943
0.0206787599281943
0.0206787599281943
0.0206787599281943
0.0206787599281943
0.0206787599281943
0.0206787599281943
0.0206787599281943
0.0206787599281943
0.0206787599281943
0.0206787599281943
0.0206787599281943
0.0206787599281943
0.0206787599281943
0.0206232615579061
