19.6811135644139767
12.6217663373029971
12.6217663373029971
12.4077737148654883
10.0989101627522171
10.0989101627522171
10.0989101627522171
10.0989101627522171
10.0989101627522171
4.7016573237681270
4.7016573237681270
4.7016573237681270
4.7016573237681270
4.7016573237681270
4.7016573237681270
4.7016573237681270
4.7016573237681270
4.7016573237681270
4.7016573237681270
4.7016573237681270
4.7016573237681270
4.7016573237681270
4.7016573237681270
4.7016573237681270
4.7016573237681270
4.7016573237681270
4.7016573237681270
4.7016573237681270
4.7016573237681270
4.7016573237681270
4.7016573237681270
3.8219216574924553
3.8219216574924553
3.8219216574924553
3.8219216574924553
3.8219216574924553
3.8219216574924553
3.8219216574924553
3.8219216574924553
3.8219216574924553
3.8219216574924553
3.8219216574924553
1.5795290508899162
1.5795290508899162
1.5131033551912254
1.5131033551912254
1.5131033551912254
1.5131033551912254
1.5131033551912254
1.2923454684694358
1.2923454684694358
1.2923454684694358
1.2923454684694358
1.2923454684694358
1.2923454684694358
1.2923454684694358
1.2923454684694358
1.2923454684694358
1.2923454684694358
1.2923454684694358
1.2923454684694358
0.9232785074349548
0.9232785074349548
0.9232785074349548
0.9232785074349548
0.9232785074349548
0.9232785074349548
0.9232785074349548
0.9232785074349548
0.9232785074349548
0.9232785074349548
0.9232785074349548
0.9232785074349548
0.9232785074349548
0.9232785074349548
0.9232785074349548
0.9232785074349548
0.9232785074349548
0.9232785074349548
0.9026997698371342
0.8838416577476971
0.8683965967093532
0.8625107336039717
0.8625107336039717
0.8625107336039717
0.8248444933672383
0.8248444933672383
0.8248444933672383
0.8170563018428112
0.8170563018428112
0.7898388439742998
0.7898388439742998
0.7330814260463780
0.7330814260463780
0.7330814260463780
0.7330814260463780
0.7119765770334352
0.7119765770334352
0.7119765770334352
0.7119765770334352
0.7119765770334352
0.6786478870574042
0.6786478870574042
0.6238770343697020
0.5381017862401416
0.5381017862401416
0.5381017862401416
0.5381017862401416
0.5381017862401416
0.5381017862401416
0.5381017862401416
0.5381017862401416
0.3179719411560478
0.3179719411560478
0.3179719411560478
0.3179719411560478
0.3179719411560478
0.3179719411560478
0.3179719411560478
0.2166785306112917
0.2166785306112917
0.2166785306112917
0.1074068291701091
0.1074068291701091
0.1074068291701091
0.1074068291701091
0.1074068291701091
0.1074068291701091
0.1074068291701091
0.0912365324051478
0.0773683978296580
0.0578991985005661
0.0578991985005661
0.0395256755977624
0.0395256755977624
0.0395256755977624
0.0395256755977624
0.0395256755977624
0.0395256755977624
0.0395256755977624
0.0395256755977624
0.0395256755977624
0.0395256755977624
0.0395256755977624
0.0395256755977624
0.0395256755977624
0.0395256755977624
0.0395256755977624
0.0395256755977624
0.0395256755977624
0.0395256755977624
0.0395256755977624
0.0395256755977624
0.0395256755977624
0.0332082218952534
0.0332082218952534
0.0332082218952534
0.0332082218952534
0.0332082218952534
0.0332082218952534
0.0332082218952534
0.0332082218952534
0.0332082218952534
0.0332082218952534
0.0332082218952534
0.0332082218952534
0.0332082218952534
0.0332082218952534
0.0332082218952534
0.0332082218952534
0.0332082218952534
0.0322474149014984
0.0322474149014984
0.0322474149014984
0.0322474149014984
0.0322474149014984
0.0322474149014984
0.0322474149014984
0.0322474149014984
0.0317143208610315
0.0317143208610315
0.0317143208610315
0.0316019893540909
0.0316019893540909
0.0314957940200755
0.0312218534435860
0.0308078994561534
0.0305675559453156
0.0305675559453156
0.0305675559453156
0.0293104186047222
0.0282585261475732
0.0282585261475732
0.0282585261475732
0.0282585261475732
0.0282585261475732
0.0282585261475732
0.0282585261475732
0.0282585261475732
0.0282585261475732
