9.8726205126012481
9.8726205126012481
9.8726205126012481
9.8726205126012481
9.8726205126012481
2.8415215471334410
2.8415215471334410
1.2068406469392556
1.2068406469392556
1.2068406469392556
1.2068406469392556
1.2068406469392556
1.2068406469392556
1.2068406469392556
1.2068406469392556
1.2068406469392556
1.2068406469392556
1.2068406469392556
1.2068406469392556
1.2068406469392556
0.7059597102769155
0.7059597102769155
0.7059597102769155
0.7059597102769155
0.7059597102769155
0.7059597102769155
0.1779625449845224
0.1779625449845224
0.1779625449845224
0.1779625449845224
0.1526502182527922
0.1526502182527922
0.1526502182527922
0.1526502182527922
0.1526502182527922
0.1526502182527922
0.1526502182527922
0.1526502182527922
0.1526502182527922
0.0945990642740591
0.0945990642740591
0.0945990642740591
0.0945990642740591
0.0945990642740591
0.0945990642740591
0.0945990642740591
0.0945990642740591
0.0945990642740591
0.0810386317250167
0.0810386317250167
0.0549307482433092
0.0549307482433092
0.0549307482433092
0.0549307482433092
0.0549307482433092
0.0549307482433092
0.0549307482433092
0.0549307482433092
0.0549307482433092
0.0549307482433092
0.0549307482433092
0.0549307482433092
0.0549307482433092
0.0549307482433092
0.0549307482433092
0.0549307482433092
0.0523589195277840
0.0523589195277840
0.0523589195277840
0.0523589195277840
0.0523589195277840
0.0481269791840488
0.0481269791840488
0.0481269791840488
0.0481269791840488
0.0481269791840488
0.0481269791840488
0.0461437184778424
0.0461437184778424
0.0461437184778424
0.0461437184778424
0.0461437184778424
0.0461437184778424
0.0461437184778424
0.0460011544696659
0.0457003698475344
0.0420190154335587
0.0420190154335587
0.0410053185901149
0.0410053185901149
0.0410053185901149
0.0410053185901149
0.0407414845835841
0.0404752867881886
0.0322980900237413
0.0322980900237413
0.0322980900237413
0.0322980900237413
0.0322980900237413
0.0322980900237413
0.0322980900237413
0.0322980900237413
0.0322980900237413
0.0278952103642816
0.0278952103642816
0.0278952103642816
0.0278952103642816
0.0278952103642816
0.0277023972398038
0.0277023972398038
0.0198475881590610
0.0198475881590610
0.0189162203197868
0.0189162203197868
0.0189162203197868
0.0159107527137214
0.0159107527137214
0.0159107527137214
0.0159107527137214
0.0159107527137214
0.0114919627719035
0.0050652707009102
0.0050652707009102
0.0050652707009102
0.0050652707009102
0.0050652707009102
0.0050652707009102
0.0036394751670277
0.0036394751670277
0.0036394751670277
0.0036394751670277
0.0036394751670277
0.0036394751670277
0.0036394751670277
0.0029071447895546
0.0029071447895546
0.0029071447895546
0.0029071447895546
0.0027264294366280
0.0027264294366280
0.0022388579483446
0.0022388579483446
0.0022388579483446
0.0016098440890122
0.0016098440890122
0.0016098440890122
0.0016098440890122
0.0014279195162614
0.0014279195162614
0.0014279195162614
0.0014279195162614
0.0013350761170150
0.0012424802565136
0.0012424802565136
0.0012424802565136
0.0012389477951347
0.0012389477951347
0.0011764895290090
0.0011584319661639
0.0011584319661639
0.0011186803838714
0.0010973752055055
0.0010973752055055
0.0010924962088654
0.0010628568277604
0.0010628568277604
0.0010568966500202
0.0010568966500202
0.0010312800700740
0.0010312800700740
0.0010312800700740
0.0010312800700740
0.0010312800700740
0.0010263087392937
0.0010263087392937
0.0010183901039795
0.0010183901039795
0.0010183901039795
0.0010183901039795
0.0010113582355142
0.0010104192906368
0.0010058690128933
0.0010058690128933
0.0010058690128933
0.0009940885103310
