7.5064982069586339
7.5064982069586339
7.5064982069586339
5.9162393263417652
5.9162393263417652
3.8236786603355388
3.8236786603355388
3.8236786603355388
3.6365361231175175
3.6365361231175175
2.4758925023718015
2.4758925023718015
2.4758925023718015
2.4758925023718015
2.4758925023718015
0.6966717437910774
0.6966717437910774
0.6966717437910774
0.6966717437910774
0.5640496477761103
0.4857669207304682
0.4857669207304682
0.4857669207304682
0.4857669207304682
0.4857669207304682
0.4857669207304682
0.4857669207304682
0.3094462091376093
0.3094462091376093
0.3094462091376093
0.3094462091376093
0.1783866369866605
0.1783866369866605
0.1156751077808660
0.1156751077808660
0.1156751077808660
0.0395549325630573
0.0395549325630573
0.0395549325630573
0.0395549325630573
0.0395549325630573
0.0395549325630573
0.0395549325630573
0.0395549325630573
0.0207008865332647
0.0207008865332647
0.0207008865332647
0.0207008865332647
0.0207008865332647
0.0207008865332647
0.0207008865332647
0.0207008865332647
0.0207008865332647
0.0168223705359738
0.0168223705359738
0.0168223705359738
0.0104588933512173
0.0104588933512173
0.0104588933512173
0.0104588933512173
0.0104588933512173
0.0104588933512173
0.0104588933512173
0.0104588933512173
0.0104588933512173
0.0104588933512173
0.0104588933512173
0.0104588933512173
0.0104588933512173
0.0104588933512173
0.0104588933512173
0.0104588933512173
0.0104588933512173
0.0104588933512173
0.0104588933512173
0.0104588933512173
0.0104588933512173
0.0104588933512173
0.0104588933512173
0.0104588933512173
0.0104588933512173
0.0104588933512173
0.0104588933512173
0.0104588933512173
0.0104588933512173
0.0104588933512173
0.0104588933512173
0.0104588933512173
0.0104588933512173
0.0104588933512173
0.0104588933512173
0.0104588933512173
0.0104588933512173
0.0104588933512173
0.0104588933512173
0.0104588933512173
0.0104588933512173
0.0104588933512173
0.0104588933512173
0.0104588933512173
0.0104588933512173
0.0104588933512173
0.0104588933512173
0.0104588933512173
0.0104588933512173
0.0104588933512173
0.0104588933512173
0.0104588933512173
0.0104588933512173
0.0104588933512173
0.0104588933512173
0.0104588933512173
0.0104588933512173
0.0104588933512173
0.0104588933512173
0.0104588933512173
0.0104588933512173
0.0104588933512173
0.0104588933512173
0.0104588933512173
0.0104588933512173
0.0104588933512173
0.0104588933512173
0.0104588933512173
0.0104588933512173
0.0104588933512173
0.0104588933512173
0.0104588933512173
0.0104588933512173
0.0104588933512173
0.0104588933512173
0.0104588933512173
0.0104588933512173
0.0104588933512173
0.0104588933512173
0.0104588933512173
0.0104588933512173
0.0104588933512173
0.0104588933512173
0.0104588933512173
0.0104588933512173
0.0104588933512173
0.0104588933512173
0.0104588933512173
0.0104588933512173
0.0104588933512173
0.0104588933512173
0.0104588933512173
0.0104588933512173
0.0104588933512173
0.0104588933512173
0.0104588933512173
0.0104588933512173
0.0104588933512173
0.0104588933512173
0.0104588933512173
0.0104588933512173
0.0104588933512173
0.0104588933512173
0.0104588933512173
0.0104588933512173
0.0104588933512173
0.0104588933512173
0.0104588933512173
0.0104588933512173
0.0104588933512173
0.0104588933512173
0.0104588933512173
0.0104588933512173
0.0104588933512173
0.0104588933512173
0.0104588933512173
0.0104588933512173
0.0104588933512173
0.0104588933512173
0.0104588933512173
0.0104588933512173
0.0104588933512173
0.0104588933512173
0.0104588933512173
0.0104588933512173
0.0104588933512173
0.0104588933512173
0.0104588933512173
0.0104588933512173
0.0104588933512173
0.0104588933512173
0.0104588933512173
0.0104588933512173
0.0104588933512173
0.0104588933512173
0.0104588933512173
0.0104588933512173
0.0104588933512173
0.0104588933512173
0.0104588933512173
0.0104588933512173
0.0104588933512173
0.0104588933512173
0.0104588933512173
