4.0121849634323858
4.0121849634323858
4.0121849634323858
4.0121849634323858
4.0121849634323858
4.0121849634323858
4.0121849634323858
4.0121849634323858
4.0121849634323858
4.0121849634323858
4.0121849634323858
4.0121849634323858
4.0121849634323858
1.1568558354117853
1.1568558354117853
1.1568558354117853
1.1568558354117853
1.1568558354117853
1.1568558354117853
1.1568558354117853
1.1568558354117853
1.1568558354117853
0.6672144062241370
0.6672144062241370
0.6672144062241370
0.6672144062241370
0.6672144062241370
0.6672144062241370
0.6672144062241370
0.6672144062241370
0.6672144062241370
0.6672144062241370
0.6672144062241370
0.6672144062241370
0.6672144062241370
0.6672144062241370
0.6672144062241370
0.6672144062241370
0.6672144062241370
0.6672144062241370
0.6672144062241370
0.6672144062241370
0.6672144062241370
0.6672144062241370
0.6672144062241370
0.6672144062241370
0.5686862476048549
0.5686862476048549
0.5686862476048549
0.1149388626519032
0.1149388626519032
0.1149388626519032
0.1149388626519032
0.1149388626519032
0.1149388626519032
0.1149388626519032
0.1149388626519032
0.1149388626519032
0.1149388626519032
0.1149388626519032
0.1149388626519032
0.1149388626519032
0.1149388626519032
0.1149388626519032
0.1149388626519032
0.1149388626519032
0.1149388626519032
0.1149388626519032
0.1149388626519032
0.1149388626519032
0.1149388626519032
0.1149388626519032
0.1149388626519032
0.1149388626519032
0.1149388626519032
0.1149388626519032
0.1149388626519032
0.1149388626519032
0.1149388626519032
0.1149388626519032
0.1149388626519032
0.1149388626519032
0.1149388626519032
0.1149388626519032
0.1149388626519032
0.1149388626519032
0.1149388626519032
0.1149388626519032
0.1149388626519032
0.1149388626519032
0.1149388626519032
0.1149388626519032
0.1149388626519032
0.1149388626519032
0.1149388626519032
0.1149388626519032
0.1149388626519032
0.1149388626519032
0.1149388626519032
0.1149388626519032
0.1149388626519032
0.1149388626519032
0.1149388626519032
0.1149388626519032
0.1149388626519032
0.1149388626519032
0.1149388626519032
0.1149388626519032
0.1149388626519032
0.1149388626519032
0.1149388626519032
0.1149388626519032
0.1149388626519032
0.1149388626519032
0.1149388626519032
0.1149388626519032
0.1149388626519032
0.1149388626519032
0.1149388626519032
0.1149388626519032
0.1149388626519032
0.1149388626519032
0.1149388626519032
0.1149388626519032
0.1149388626519032
0.1149388626519032
0.1149388626519032
0.1149388626519032
0.1149388626519032
0.1149388626519032
0.1149388626519032
0.1149388626519032
0.1149388626519032
0.1149388626519032
0.1149388626519032
0.1149388626519032
0.1149388626519032
0.1149388626519032
0.1149388626519032
0.1149388626519032
0.1149388626519032
0.1149388626519032
0.1149388626519032
0.1149388626519032
0.1149388626519032
0.1149388626519032
0.1149388626519032
0.1149388626519032
0.1149388626519032
0.1149388626519032
0.1149388626519032
0.1149388626519032
0.1149388626519032
0.1149388626519032
0.1149388626519032
0.1149388626519032
0.1149388626519032
0.1149388626519032
0.1149388626519032
0.1149388626519032
0.1149388626519032
0.1149388626519032
0.1149388626519032
0.1149388626519032
0.1149388626519032
0.1149388626519032
0.1149388626519032
0.1149388626519032
0.1149388626519032
0.1149388626519032
0.1149388626519032
0.1149388626519032
0.1149388626519032
0.1149388626519032
0.1149388626519032
0.1149388626519032
0.1149388626519032
0.1149388626519032
0.1149388626519032
0.1149388626519032
0.1149388626519032
0.1149388626519032
0.1149388626519032
0.1149388626519032
0.1149388626519032
0.1149388626519032
0.1149388626519032
0.1149388626519032
0.1149388626519032
0.1149388626519032
0.1149388626519032
0.1149388626519032
0.1149388626519032
0.1149388626519032
0.1149388626519032
0.1149388626519032
0.1149388626519032
0.1149388626519032
0.1149388626519032
0.1149388626519032
